Timestamp,Current Phase,Distance Change,Total Distance Traveled,Position X,Position Y,Position Z,Quaternion X,Quaternion Y,Quaternion Z,Quaternion W,Total Steps Idle,Phase Distance Traveled,Phase Steps Idle,Distance from Target,Air Level, Mobility,Key Frame,Targets
0.12,0,0,0,-29.04817,-13.70785,12.41775,0.0, 0.1, 0.0, -1.0,0,0,0,0,99.95,1,1
0.6125923,0,0.008381559,0.008381559,-29.05655,-13.70785,12.41764,0.0, 0.1, 0.0, -1.0,0,0.008381559,0,0,99.89748,1,0
1.119912,0,0.7998934,0.8082749,-29.00974,-13.70784,13.21616,0.0, -1.0, 0.0, 0.0,0,0.8082749,0,0,99.60751,1,0
1.612646,0,1.081739,1.890014,-28.97044,-13.70785,12.13514,0.0, -1.0, 0.0, 0.0,0,1.890014,0,0,99.23298,1,0
2.106389,0,2.491224,4.381238,-27.69429,-13.70786,9.995597,0.0, -1.0, 0.0, 0.0,0,4.381238,0,0,98.43561,1,0
2.62,0,2.791139,7.172377,-28.248,-12.30117,7.649307,0.0, -1.0, 0.0, 0.0,0,7.172377,0,0,97.54826,1,0
3.119608,0,2.72049,9.892866,-27.98812,-10.66971,5.487862,0.0, -1.0, 0.0, 0.0,0,9.892866,0,0,96.68211,1,0
3.62,0,1.159758,11.05262,-28.34943,-10.3434,4.435237,0.0, -1.0, 0.0, -0.1,0,11.05262,0,0,96.28418,1,0
4.119755,0,0.3675761,11.4202,-27.98422,-10.3434,4.393578,0.0, -1.0, 0.0, -0.1,0,11.4202,0,0,96.1239,1,0
4.612632,0,0.1578349,11.57804,-27.83238,-10.3434,4.350498,0.0, -1.0, 0.0, 0.0,0,11.57804,0,0,96.02655,1,0
5.106308,0,1.200065,12.7781,-28.03457,-10.35548,3.167651,0.0, -1.0, 0.0, 0.0,0,12.7781,0,0,95.61653,1,0
5.612599,0,0.9965091,13.77461,-28.20751,-10.35548,2.186263,0.0, -1.0, 0.0, 0.1,0,13.77461,0,0,95.26758,1,0
6.106623,0,0.9010823,14.67569,-27.86826,-10.35548,1.351485,0.0, -0.8, 0.0, -0.6,0,14.67569,0,0,94.94725,1,0
6.62,0,1.065904,15.74159,-27.01292,-10.35548,0.7154408,0.0, -0.6, 0.0, -0.8,0,15.74159,0,0,94.57748,1,0
7.106372,0,0.8187714,16.56037,-26.75872,-10.3555,1.493751,0.0, -0.9, 0.0, 0.3,0,16.56037,0,0,94.28185,1,0
7.62,0,2.284124,18.84449,-28.87111,-10.35549,2.36268,0.0, -1.0, 0.0, 0.1,0,18.84449,0,0,93.54661,1,0
8.1193,0,2.396472,21.24096,-29.66079,-9.4409,0.2931356,0.0, -1.0, 0.0, 0.0,0,21.24096,0,0,92.77766,1,0
8.61247,0,2.651945,23.89291,-29.60448,-8.217015,-2.058831,0.0, -1.0, 0.0, 0.0,0,23.89291,0,0,91.93208,1,0
9.106053,0,2.625815,26.51872,-29.55566,-6.997175,-4.383592,0.0, -1.0, 0.0, 0.0,0,26.51872,0,0,91.09433,1,0
9.62,0,3.010472,29.52919,-29.71417,-5.465407,-6.970385,0.0, -1.0, 0.0, -0.1,0,29.52919,0,0,90.14118,1,0
10.10198,0,2.577517,32.10671,-29.63966,-5.409092,-9.546209,0.0, -0.6, 0.0, -0.8,0,32.10671,0,0,89.31792,1,0
10.62,0,2.600345,34.70705,-27.03968,-5.409089,-9.502851,0.0, -0.5, 0.0, -0.9,0,34.70705,0,0,88.48782,1,0
11.10673,0,1.118711,35.82576,-26.30868,-5.40909,-8.656,0.0, 0.0, 0.0, -1.0,0,35.82576,0,0,88.1022,1,0
11.62,0,2.545234,38.371,-26.24134,-5.4091,-6.111657,0.0, -0.1, 0.0, -1.0,0,38.371,0,0,87.28862,1,0
12.10605,0,2.311482,40.68248,-26.1962,-5.409091,-3.800616,0.0, 0.0, 0.0, -1.0,0,40.68248,0,0,86.54517,1,0
12.61253,0,2.458325,43.1408,-26.15949,-5.409087,-1.342565,0.0, 0.0, 0.0, -1.0,0,43.1408,0,0,85.75768,1,0
13.10608,0,2.522317,45.66312,-26.00212,-5.409084,1.174839,0.0, 0.3, 0.0, -0.9,0,45.66312,0,0,84.95097,1,0
13.61243,0,2.469243,48.13236,-27.79485,-5.409087,2.872866,0.0, 0.9, 0.0, -0.5,0,48.13236,0,0,84.16019,1,0
14.10662,0,2.10695,50.23931,-28.97252,-5.110639,1.151453,0.0, 1.0, 0.0, 0.0,0,50.23931,0,0,83.4781,1,0
14.61267,0,2.747332,52.98664,-29.64503,-3.790419,-1.16211,0.0, 1.0, 0.0, 0.1,0,52.98664,0,0,82.6039,1,0
15.11935,0,2.792384,55.77903,-29.6958,-2.369408,-3.56535,0.0, 1.0, 0.0, 0.1,0,55.77903,0,0,81.71619,1,0
15.61244,0,2.752717,58.53174,-29.68927,-1.128287,-6.022385,0.0, 1.0, 0.0, 0.0,0,58.53174,0,0,80.84037,1,0
16.11949,0,2.865323,61.39706,-29.79768,-0.4755377,-8.810259,0.0, 0.7, 0.0, 0.7,0,61.39706,0,0,79.93077,1,0
16.61245,0,2.251264,63.64833,-27.55304,-0.475536,-8.982849,0.0, 0.2, 0.0, 1.0,0,63.64833,0,0,79.20539,1,0
17.10606,0,2.499139,66.14747,-26.43428,-0.4755332,-6.748108,0.0, 0.1, 0.0, 1.0,0,66.14747,0,0,78.40565,1,0
17.62,0,2.490495,68.63796,-26.22942,-0.4755336,-4.266052,0.0, 0.0, 0.0, 1.0,0,68.63796,0,0,77.6085,1,0
18.10599,0,2.357914,70.99588,-26.19987,-0.4755358,-1.908323,0.0, 0.0, 0.0, 1.0,0,70.99588,0,0,76.85112,1,0
18.6123,0,2.488641,73.48452,-26.64128,-0.4755317,0.5408571,0.0, 0.0, 0.0, 1.0,0,73.48452,0,0,76.05453,1,0
19.11918,0,1.330694,74.81522,-26.47201,-0.4755356,1.860741,0.0, 0.7, 0.0, 0.7,0,74.81522,0,0,75.60532,1,0
19.61258,0,0.3470705,75.16228,-26.46097,-0.4755498,1.513846,0.0, 0.7, 0.0, 0.7,0,75.16228,0,0,75.45119,1,0
20.1061,0,2.483952,77.64624,-23.98608,-0.4930896,1.302565,0.0, 1.0, 0.0, 0.2,0,77.64624,0,0,74.65601,1,0
20.61257,0,2.253871,79.90011,-25.01789,-0.4930886,-0.7012543,0.0, 1.0, 0.0, 0.0,0,79.90011,0,0,73.92984,1,0
21.10606,0,2.294026,82.19414,-23.99924,-0.4930809,-2.756709,0.0, 1.0, 0.0, -0.1,0,82.19414,0,0,73.19163,1,0
21.61233,0,2.464128,84.65826,-24.59541,-0.4930699,-5.147629,0.0, 1.0, 0.0, 0.0,0,84.65826,0,0,72.40239,1,0
22.11928,0,2.430679,87.08894,-23.67568,-0.4930664,-7.397583,0.0, 1.0, 0.0, -0.1,0,87.08894,0,0,71.62318,1,0
22.62,0,0.9416431,88.03059,-24.00128,-0.4930575,-8.281142,0.0, 0.8, 0.0, 0.6,0,88.03059,0,0,71.29069,1,0
23.11923,0,2.297554,90.32814,-21.70402,-0.4930629,-8.317844,0.0, 0.8, 0.0, 0.6,0,90.32814,0,0,70.55142,1,0
23.61237,0,1.882882,92.21102,-19.96385,-0.4930624,-9.03692,0.0, 0.9, 0.0, 0.5,0,92.21102,0,0,69.93655,1,0
24.11908,0,1.117124,93.32815,-18.89704,-0.4930617,-8.705449,0.0, 0.0, 0.0, 1.0,0,93.32815,0,0,69.55141,1,0
24.61271,0,1.722525,95.05067,-20.25277,-0.4930477,-7.642871,0.0, 0.1, 0.0, 1.0,0,95.05067,0,0,68.98466,1,0
25.10617,0,2.25549,97.30617,-18.94318,-0.4930384,-5.806512,0.0, 0.1, 0.0, 1.0,0,97.30617,0,0,68.25801,1,0
25.62,0,2.607317,99.91348,-19.67704,-0.4930453,-3.304603,0.0, 0.2, 0.0, 1.0,0,99.91348,0,0,67.42581,1,0
26.11924,0,1.356549,101.27,-18.33003,-0.4930449,-3.144011,0.0, 0.9, 0.0, 0.5,0,101.27,0,0,66.96884,1,0
26.61247,0,0.3306946,101.6007,-18.12606,-0.4930491,-3.404304,0.0, 1.0, 0.0, 0.3,0,101.6007,0,0,66.81963,1,0
27.10597,0,2.031511,103.6322,-16.87312,-0.4930384,-5.003424,0.0, 1.0, 0.0, -0.1,0,103.6322,0,0,66.16018,1,0
27.62,0,2.507356,106.1396,-17.9572,-0.4930408,-7.264307,0.0, 1.0, 0.0, 0.2,0,106.1396,0,0,65.35797,1,0
28.10623,0,2.062166,108.2018,-17.00755,-0.4930345,-9.094793,0.0, 0.8, 0.0, 0.6,0,108.2018,0,0,64.68932,1,0
28.62,0,0.7213861,108.9231,-16.39468,-0.4930389,-9.475311,0.0, 0.7, 0.0, 0.7,0,108.9231,0,0,64.4229,1,0
29.10145,0,0.05282314,108.976,-16.40227,-0.4930307,-9.527587,0.0, 0.6, 0.0, 0.8,0,108.976,0,0,64.35705,1,0
29.60955,0,1.558478,110.5345,-17.50166,-0.4930243,-8.422968,0.0, 0.7, 0.0, 0.7,0,110.5345,0,0,63.8395,1,0
30.12,0,2.336765,112.8712,-15.26619,-0.03720444,-8.928305,0.0, 0.7, 0.0, 0.7,0,112.8712,0,0,63.08847,1,0
30.61227,0,2.050963,114.9222,-13.31169,-0.4930283,-9.350921,0.0, 0.8, 0.0, 0.5,0,114.9222,0,0,62.42318,1,0
31.10588,0,0.6686131,115.5908,-12.64518,-0.493032,-9.403843,0.0, 0.8, 0.0, 0.6,0,115.5908,0,0,62.1726,1,0
31.61241,0,0.3996885,115.9905,-12.58977,-0.4930421,-9.799672,0.0, 0.4, 0.0, 0.9,0,115.9905,0,0,62.00269,1,0
32.1062,0,0.8344412,116.8249,-12.57331,-0.4930431,-8.965393,0.0, 0.3, 0.0, 1.0,0,116.8249,0,0,61.70236,1,0
32.61232,0,0.6150948,117.44,-12.55648,-0.493067,-9.580257,0.0, 0.3, 0.0, 1.0,0,117.44,0,0,61.46783,1,0
33.10598,0,0.008392786,117.4484,-12.56281,-0.4930704,-9.574747,0.0, 0.3, 0.0, 1.0,0,117.4484,0,0,61.41532,1,0
33.62,0,0.03005626,117.4785,-12.58452,-0.4930591,-9.553966,0.0, 0.3, 0.0, 0.9,0,117.4785,0,0,61.3563,1,0
34.11906,0,0.1563173,117.6348,-12.45595,-0.4930435,-9.642879,0.0, 0.1, 0.0, 1.0,0,117.6348,0,0,61.25941,1,0
34.61276,0,0.3072649,117.9421,-12.14872,-0.4930512,-9.647509,0.0, -0.3, 0.0, 1.0,0,117.9421,0,0,61.11723,1,0
35.10608,0,0.05589012,117.9979,-12.20198,-0.4930833,-9.664476,0.0, -0.2, 0.0, 1.0,0,117.9979,0,0,61.05046,1,0
35.62,0,2.856649E-05,117.998,-12.20197,-0.4930561,-9.664482,0.0, -0.2, 0.0, 1.0,0,117.998,0,0,61.00046,1,0
36.10586,0,9.145963E-06,117.998,-12.20196,-0.4930529,-9.664482,0.0, -0.2, 0.0, 1.0,0,117.998,0,0,60.95045,1,0
36.62,0,1.346643E-05,117.998,-12.20196,-0.4930612,-9.664473,0.0, -0.2, 0.0, 1.0,0,117.998,0,0,60.90045,1,0
37.10587,0,9.489127E-06,117.998,-12.20196,-0.4930687,-9.664467,0.0, -0.2, 0.0, 1.0,0,117.998,0,0,60.85045,1,0
37.61234,0,8.42352E-06,117.998,-12.20196,-0.4930618,-9.664472,0.0, -0.2, 0.0, 1.0,0,117.998,0,0,60.80045,1,0
38.11929,0,6.439785E-06,117.998,-12.20195,-0.4930653,-9.664468,0.0, -0.2, 0.0, 1.0,0,117.998,0,0,60.75044,1,0
38.61251,0,1.701021E-05,117.998,-12.20194,-0.4930618,-9.664464,0.0, -0.2, 0.0, 1.0,0,117.998,0,0,60.70044,1,0
39.10579,0,5.848018E-06,117.998,-12.20194,-0.4930651,-9.664469,0.0, -0.2, 0.0, 1.0,0,117.998,0,0,60.65044,1,0
39.62,0,2.384692E-05,117.9981,-12.20194,-0.4930793,-9.66445,0.0, -0.2, 0.0, 1.0,0,117.9981,0,0,60.60043,1,0
40.10588,0,2.797643E-05,117.9981,-12.20193,-0.4930997,-9.664431,0.0, -0.2, 0.0, 1.0,0,117.9981,0,0,60.55043,1,0
40.62,0,1.164108E-05,117.9981,-12.20193,-0.4931064,-9.664423,0.0, -0.2, 0.0, 1.0,0,117.9981,0,0,60.50042,1,0
41.11924,0,1.772985E-05,117.9981,-12.20191,-0.4931092,-9.664414,0.0, -0.2, 0.0, 1.0,0,117.9981,0,0,60.45042,1,0
41.61232,0,1.803215E-05,117.9981,-12.2019,-0.4931112,-9.664407,0.0, -0.2, 0.0, 1.0,0,117.9981,0,0,60.40042,1,0
42.10585,0,1.09566E-05,117.9982,-12.20189,-0.4931166,-9.664399,0.0, -0.2, 0.0, 1.0,0,117.9982,0,0,60.35041,1,0
42.61286,0,8.860517E-06,117.9982,-12.20189,-0.4931099,-9.664405,0.0, -0.2, 0.0, 1.0,0,117.9982,0,0,60.30041,1,0
43.10588,0,1.022771E-05,117.9982,-12.20189,-0.4931176,-9.664398,0.0, -0.2, 0.0, 1.0,0,117.9982,0,0,60.25041,1,0
43.61239,0,1.204814E-05,117.9982,-12.20188,-0.4931144,-9.664396,0.0, -0.2, 0.0, 1.0,0,117.9982,0,0,60.20041,1,0
44.10606,0,4.579193E-06,117.9982,-12.20188,-0.4931169,-9.664396,0.0, -0.2, 0.0, 1.0,0,117.9982,0,0,60.15041,1,0
44.61248,0,2.273745E-05,117.9982,-12.20186,-0.4931083,-9.664394,0.0, -0.2, 0.0, 1.0,0,117.9982,0,0,60.1004,1,0
45.10589,0,1.353042E-05,117.9982,-12.20185,-0.493103,-9.664393,0.0, -0.2, 0.0, 1.0,0,117.9982,0,0,60.0504,1,0
45.62,0,8.289975E-06,117.9982,-12.20184,-0.4930999,-9.664392,0.0, -0.2, 0.0, 1.0,0,117.9982,0,0,60.00039,1,0
46.12,0,8.937965E-06,117.9982,-12.20184,-0.4930934,-9.664397,0.0, -0.2, 0.0, 1.0,0,117.9982,0,0,59.95039,1,0
46.62,0,9.45368E-06,117.9983,-12.20185,-0.4930923,-9.664401,0.0, -0.2, 0.0, 1.0,0,117.9983,0,0,59.90039,1,0
47.11642,0,9.457109E-06,117.9983,-12.20184,-0.4930934,-9.664397,0.0, -0.2, 0.0, 1.0,0,117.9983,0,0,59.85038,1,0
47.62,0,1.202394E-05,117.9983,-12.20183,-0.4930964,-9.664391,0.0, -0.2, 0.0, 1.0,0,117.9983,0,0,59.80038,1,0
48.11925,0,7.973723E-06,117.9983,-12.20182,-0.4930912,-9.664392,0.0, -0.2, 0.0, 1.0,0,117.9983,0,0,59.75038,1,0
48.61248,0,1.287133E-05,117.9983,-12.20181,-0.4930926,-9.664387,0.0, -0.2, 0.0, 1.0,0,117.9983,0,0,59.70037,1,0
49.10578,0,1.079897E-06,117.9983,-12.20181,-0.4930931,-9.664387,0.0, -0.2, 0.0, 1.0,0,117.9983,0,0,59.65038,1,0
49.62,0,2.371548E-05,117.9983,-12.20179,-0.4930804,-9.664388,0.0, -0.2, 0.0, 1.0,0,117.9983,0,0,59.60037,1,0
50.10619,0,7.017165E-06,117.9983,-12.2018,-0.493077,-9.664392,0.0, -0.2, 0.0, 1.0,0,117.9983,0,0,59.55037,1,0
50.62,0,7.098272E-06,117.9983,-12.20179,-0.4930787,-9.664389,0.0, -0.2, 0.0, 1.0,0,117.9983,0,0,59.50036,1,0
51.10585,0,1.116311E-05,117.9983,-12.20178,-0.493075,-9.664388,0.0, -0.2, 0.0, 1.0,0,117.9983,0,0,59.45036,1,0
51.62,0,2.729476E-06,117.9983,-12.20178,-0.4930755,-9.664386,0.0, -0.2, 0.0, 1.0,0,117.9983,0,0,59.40036,1,0
52.1189,0,9.468372E-06,117.9984,-12.20177,-0.4930784,-9.664381,0.0, -0.2, 0.0, 1.0,0,117.9984,0,0,59.35036,1,0
52.6124,0,3.334133E-06,117.9984,-12.20177,-0.4930758,-9.664382,0.0, -0.2, 0.0, 1.0,0,117.9984,0,0,59.30036,1,0
53.10578,0,1.34382E-05,117.9984,-12.20177,-0.4930657,-9.664391,0.0, -0.2, 0.0, 1.0,0,117.9984,0,0,59.25035,1,0
53.62,0,5.574309E-06,117.9984,-12.20176,-0.4930653,-9.664388,0.0, -0.2, 0.0, 1.0,0,117.9984,0,0,59.20036,1,0
54.11891,0,3.040567E-06,117.9984,-12.20176,-0.4930649,-9.664387,0.0, -0.2, 0.0, 1.0,0,117.9984,0,0,59.15036,1,0
54.62,0,1.068275E-05,117.9984,-12.20176,-0.4930739,-9.664381,0.0, -0.2, 0.0, 1.0,0,117.9984,0,0,59.10035,1,0
55.11905,0,1.170575E-05,117.9984,-12.20176,-0.4930655,-9.664389,0.0, -0.2, 0.0, 1.0,0,117.9984,0,0,59.05035,1,0
55.61246,0,1.675824E-05,117.9984,-12.20178,-0.4930752,-9.664386,0.0, -0.2, 0.0, 1.0,0,117.9984,0,0,59.00035,1,0
56.11895,0,1.282792E-05,117.9984,-12.20178,-0.4930669,-9.664394,0.0, -0.2, 0.0, 1.0,0,117.9984,0,0,58.95034,1,0
56.61243,0,1.020772E-05,117.9984,-12.20177,-0.4930618,-9.664396,0.0, -0.2, 0.0, 1.0,0,117.9984,0,0,58.90034,1,0
57.11904,0,6.86211E-06,117.9984,-12.20177,-0.4930654,-9.664391,0.0, -0.2, 0.0, 1.0,0,117.9984,0,0,58.85034,1,0
57.6123,0,7.664761E-06,117.9985,-12.20177,-0.4930601,-9.664393,0.0, -0.2, 0.0, 1.0,0,117.9985,0,0,58.80033,1,0
58.10583,0,0.03004554,118.0285,-12.2312,-0.4930526,-9.670424,0.0, -0.2, 0.0, 1.0,0,118.0285,0,0,58.74132,1,0
58.62,0,0.1651972,118.1937,-12.39624,-0.4930395,-9.663285,0.0, 0.1, 0.0, 1.0,0,118.1937,0,0,58.64176,1,0
59.1192,0,0.1473745,118.3411,-12.52984,-0.493026,-9.60106,0.0, 0.2, 0.0, 1.0,0,118.3411,0,0,58.54755,1,0
59.62,0,0.4287336,118.7698,-12.10178,-0.4930446,-9.625175,0.0, -0.3, 0.0, 0.9,0,118.7698,0,0,58.36893,1,0
60.11932,0,3.560274E-05,118.7698,-12.10176,-0.4930183,-9.625178,0.0, -0.3, 0.0, 0.9,0,118.7698,0,0,58.31892,1,0
60.62,0,2.660698E-05,118.7699,-12.10176,-0.4930383,-9.625161,0.0, -0.3, 0.0, 0.9,0,118.7699,0,0,58.26891,1,0
61.11939,0,1.887285E-05,118.7699,-12.10175,-0.4930279,-9.625157,0.0, -0.3, 0.0, 0.9,0,118.7699,0,0,58.21891,1,0
61.62,0,1.772397E-05,118.7699,-12.10175,-0.4930414,-9.625146,0.0, -0.3, 0.0, 0.9,0,118.7699,0,0,58.16891,1,0
62.10297,0,8.614676E-06,118.7699,-12.10174,-0.4930378,-9.625144,0.0, -0.3, 0.0, 0.9,0,118.7699,0,0,58.1189,1,0
