Timestamp,Current Phase,Distance Change,Total Distance Traveled,Position X,Position Y,Position Z,Quaternion X,Quaternion Y,Quaternion Z,Quaternion W,Total Steps Idle,Phase Distance Traveled,Phase Steps Idle,Distance from Target,Air Level, Mobility,Key Frame,Targets
0.12,0,0,0,-29.02028,-13.7335,12.09714,0.2, 0.0, 0.0, -1.0,0,0,0,0,99.95,1,1
0.6147595,0,0.02251682,0.02251682,-28.99829,-13.73826,12.09629,0.3, 0.1, 0.0, -1.0,0,0.02251682,0,0,99.89324,1,0
1.12,0,0.2476332,0.27015,-29.24264,-13.73655,12.13645,0.2, -0.2, -0.1, -0.9,0,0.27015,0,0,99.76895,1,0
1.60888,0,0.01688059,0.2870306,-29.23151,-13.74301,12.14737,0.2, -0.3, -0.1, -0.9,0,0.2870306,0,0,99.71388,1,0
2.107719,0,0.7944996,1.08153,-29.64945,-13.75046,11.47173,0.1, -0.2, -0.1, -1.0,0,1.08153,0,0,99.42553,1,0
2.600768,0,0.314836,1.396366,-29.80895,-13.77045,11.20102,0.0, -0.3, 0.0, -1.0,0,1.396366,0,0,99.28107,1,0
3.12,0,0.004010813,1.400377,-29.80732,-13.76842,11.19796,0.0, -0.3, 0.0, -1.0,0,1.400377,0,0,99.22987,1,0
3.614754,0,0.7999201,2.200297,-30.22757,-13.76996,10.51733,0.0, -0.3, 0.0, -1.0,0,2.200297,0,0,98.93989,1,0
4.107725,0,1.999385,4.199682,-31.27806,-13.77107,8.816152,0.0, -0.3, 0.0, -1.0,0,4.199682,0,0,98.29007,1,2
4.600809,1,0.005504017,4.205186,-31.28251,-13.77178,8.819308,0.0, -0.3, 0.0, -1.0,0,0.005504017,0,0,98.23842,1,1,1
5.12,1,0.8742651,5.079452,-31.35629,-13.77219,9.690454,0.0, -0.8, 0.0, -0.5,0,0.8797691,0,0,97.92613,1,0,1
5.62,1,2.35866,7.438111,-30.31501,-13.77252,11.80682,0.0, -0.9, 0.0, -0.5,0,3.238429,0,0,97.16853,1,0,1
6.100308,1,2.43822,9.876331,-27.96062,-13.77174,11.17295,0.0, -1.0, 0.0, 0.0,0,5.676649,0,0,96.38706,1,0,1
6.60662,1,2.539994,12.41633,-27.76021,-13.07821,8.73771,0.0, -1.0, 0.0, 0.1,0,8.216643,0,0,95.57506,1,0,1
7.12,1,2.995235,15.41156,-28.04491,-11.38148,6.285876,0.0, -1.0, 0.0, -0.1,0,11.21188,0,0,94.62649,1,0,1
7.600883,1,2.45526,17.86682,-28.00529,-10.38805,4.04092,0.0, -1.0, 0.0, 0.0,0,13.66714,0,0,93.8399,1,0,1
8.12,1,2.209812,20.07663,-28.38916,-10.41556,1.86488,0.0, -1.0, 0.0, 0.1,0,15.87695,0,0,93.12696,1,0,1
8.614592,1,2.559736,22.63637,-28.74047,-9.189164,-0.3543039,0.0, -1.0, 0.0, -0.1,0,18.43669,0,0,92.30904,1,0,1
9.12,1,2.831813,25.46818,-28.85077,-7.804794,-2.822201,0.0, -1.0, -0.1, -0.1,0,21.2685,0,0,91.40949,1,0,1
9.62,1,2.785606,28.25379,-28.85556,-6.459637,-5.26149,0.0, -1.0, -0.1, -0.1,0,24.0541,0,0,90.52381,1,0,1
10.12,1,2.930967,31.18476,-28.86877,-5.468965,-8.019924,0.0, -0.8, 0.0, -0.6,0,26.98507,0,0,89.59452,1,0,1
10.62,1,1.491662,32.67642,-27.43685,-5.469578,-7.602005,0.0, -0.1, 0.0, -1.0,0,28.47673,0,0,89.09702,1,0,1
11.10763,1,2.401253,35.07767,-27.10309,-5.46971,-5.224059,0.0, 0.0, 0.0, -1.0,0,30.87799,0,0,88.32664,1,0,1
11.62,1,2.549577,37.62725,-26.78959,-5.471727,-2.693831,0.0, -0.2, 0.0, -1.0,0,33.42756,0,0,87.51176,1,0,1
12.12,1,2.501834,40.12908,-27.14804,-5.477913,-0.2178168,0.0, -0.3, 0.0, -1.0,0,35.9294,0,0,86.71121,1,0,1
12.61508,1,2.273622,42.4027,-25.86828,-5.49383,1.661369,0.0, -0.6, 0.0, -0.8,0,38.20302,0,0,85.97913,1,0,1
13.12,1,2.505524,44.90823,-23.39642,-5.493805,1.252079,0.0, -0.8, 0.0, -0.6,0,40.70854,0,0,85.17747,1,0,1
13.6017,1,2.322915,47.23114,-22.09869,-5.494338,-0.6745367,0.0, -0.8, 0.0, -0.5,0,43.03146,0,0,84.43059,1,0,1
14.12,1,2.594576,49.82571,-19.61218,-5.495193,-1.415552,0.0, -0.6, 0.0, -0.8,0,45.62603,0,0,83.60221,1,0,1
14.62,1,2.410599,52.23631,-17.33369,-5.497221,-2.202597,-0.1, -0.4, 0.0, -0.9,0,48.03663,0,0,82.82903,1,0,1
15.10749,1,0.07027292,52.30659,-17.28114,-5.498418,-2.24924,-0.1, -0.4, 0.0, -0.9,0,48.1069,0,0,82.75794,1,0,1
15.62,1,2.373136,54.67972,-16.24251,-5.499515,-0.1154582,-0.1, -0.2, 0.0, -1.0,0,50.48004,0,0,81.99599,1,0,1
16.1078,1,1.621494,56.30122,-15.15984,-5.527574,1.091307,-0.2, -0.3, 0.1, -0.9,0,52.10153,0,0,81.45954,1,2,1
16.62,2,0.04549154,56.34671,-15.1214,-5.53224,1.06743,-0.3, -0.1, 0.0, -1.0,0,0.04549154,0,0,81.39589,1,1,1
17.12,2,0.87323,57.21994,-14.84849,-5.510047,0.2382408,0.0, 0.9, -0.1, -0.5,0,0.9187216,0,0,81.08392,1,0,1
17.61598,2,2.304515,59.52445,-16.72237,-5.498569,-1.10311,0.0, 0.8, 0.0, -0.6,0,3.223237,0,0,80.34256,1,0,1
18.11266,2,2.327881,61.85233,-19.00825,-5.496312,-1.543315,0.0, 0.5, 0.0, -0.8,0,5.551118,0,0,79.59419,1,0,1
18.61906,2,2.43956,64.29189,-20.90521,-5.494557,-0.009362176,0.0, 0.5, 0.0, -0.8,0,7.990678,0,0,78.81232,1,0,1
19.10018,2,2.505033,66.79693,-22.83876,-5.493631,1.583301,0.0, 0.6, 0.0, -0.8,0,10.49571,0,0,78.01081,1,0,1
19.62,2,2.573489,69.37041,-25.39815,-5.452749,1.849195,0.0, 0.9, 0.0, -0.5,0,13.0692,0,0,77.18876,1,0,1
20.10798,2,2.593093,71.96351,-27.92298,-5.476013,2.439798,0.0, 1.0, 0.0, 0.0,0,15.66229,0,0,76.36082,1,0,1
20.6147,2,2.514151,74.47766,-29.11184,-4.600712,0.4047509,0.0, 1.0, 0.0, 0.1,0,18.17645,0,0,75.55658,1,0,1
21.12,2,2.723794,77.20145,-29.10411,-3.33731,-2.008299,0.0, 1.0, 0.0, 0.2,0,20.90024,0,0,74.68944,1,0,1
21.62,2,2.611883,79.81334,-29.71351,-2.119803,-4.237255,0.0, 1.0, 0.0, 0.3,0,23.51212,0,0,73.85587,1,0,1
22.12,2,2.986289,82.79963,-29.88802,-0.8912002,-6.953503,0.0, 0.7, 0.0, 0.7,0,26.49841,0,0,72.90998,1,0,1
22.60259,2,2.554402,85.35403,-28.16388,-0.5405507,-8.805359,0.0, 0.4, 0.0, 0.9,0,29.05281,0,0,72.09366,1,0,1
23.12,2,2.254734,87.60876,-27.50415,-0.5407113,-6.649302,0.0, 0.1, 0.0, 1.0,0,31.30755,0,0,71.36723,1,0,1
23.61435,2,2.365199,89.97396,-27.27549,-0.5407327,-4.295183,0.0, 0.0, 0.0, 1.0,0,33.67275,0,0,70.60767,1,0,1
24.12,2,2.56097,92.53493,-27.19936,-0.5409132,-1.735345,0.0, 0.0, 0.0, 1.0,0,36.23372,0,0,69.78938,1,0,1
24.60125,2,2.521641,95.05657,-27.51234,-0.5407822,0.7667978,0.0, 0.5, 0.0, 0.9,0,38.75536,0,0,68.98289,1,0,1
25.12,2,2.489787,97.54636,-25.08856,-0.5593543,1.336009,0.0, 0.8, 0.0, 0.6,0,41.24515,0,0,68.18595,1,0,1
25.62,2,1.69631,99.24267,-24.22133,-0.5591143,-0.1218561,0.0, 0.9, 0.0, 0.4,0,42.94146,0,0,67.62705,1,0,1
26.12,2,2.485456,101.7281,-22.45483,-0.5598075,-1.870274,0.0, 0.8, 0.0, 0.6,0,45.42691,0,0,66.83141,1,0,1
26.6013,2,2.352702,104.0808,-20.19209,-0.5601314,-2.514654,0.0, 0.9, 0.0, 0.5,0,47.77961,0,0,66.0756,1,0,1
27.12,2,2.46285,106.5437,-17.88268,-0.5602564,-3.370369,0.0, 0.9, 0.0, 0.3,0,50.24246,0,0,65.28674,1,0,1
27.62,2,2.444701,108.9884,-16.85267,-0.5617639,-5.587492,0.0, 0.9, 0.0, 0.4,0,52.68716,0,0,64.50333,1,0,1
28.12,2,2.516735,111.5051,-15.22826,-0.5760869,-7.509742,0.1, 0.9, -0.1, 0.4,0,55.2039,0,0,63.6983,1,2,1
28.60143,3,1.554665,113.0598,-14.23818,-0.5814875,-8.708365,0.1, 0.9, -0.1, 0.5,0,1.554665,0,0,63.1819,1,1,1
29.12,3,0.36776,113.4275,-13.953,-0.5791804,-8.940566,-0.1, 0.6, -0.1, -0.8,0,1.922426,0,0,63.02158,1,0,1
29.62,3,2.436858,115.8644,-15.81872,-0.5716529,-7.372976,-0.1, 0.4, 0.0, -0.9,0,4.359283,0,0,62.24052,1,0,1
30.11368,3,2.250657,118.1151,-15.77548,-0.569998,-5.122736,-0.1, 0.3, 0.0, -1.0,0,6.60994,0,0,61.51532,1,0,1
30.60157,3,1.093501,119.2085,-16.65015,-0.5408536,-4.467113,-0.1, 0.5, 0.0, -0.8,0,7.703442,0,0,61.13728,1,0,1
31.12,3,1.899354,121.1079,-17.88345,-0.555406,-3.022707,-0.1, 0.5, 0.0, -0.8,0,9.602796,0,0,60.51747,1,0,1
31.62,3,2.433152,123.5411,-20.2565,-0.5703582,-2.485433,0.0, 0.7, -0.1, -0.7,0,12.03595,0,0,59.73753,1,0,1
32.10818,3,2.462053,126.0031,-22.69805,-0.5696045,-2.168354,-0.1, 0.3, 0.0, -0.9,0,14.498,0,0,58.94891,1,0,1
32.62,3,2.571513,128.5746,-24.18305,-0.5699136,-0.06896386,-0.1, 0.3, 0.0, -0.9,0,17.06951,0,0,58.12746,1,0,1
33.12,3,2.71316,131.2878,-25.43659,-0.5451837,2.337124,0.0, 0.8, -0.1, -0.6,0,19.78267,0,0,57.26351,1,0,1
33.6153,3,2.424774,133.7126,-27.85141,-0.5524659,2.117717,0.0, 1.0, -0.1, 0.1,0,22.20745,0,0,56.48608,1,0,1
34.12,3,2.551331,136.2639,-26.33229,-0.552573,0.06794757,0.0, 1.0, -0.1, 0.1,0,24.75878,0,0,55.67068,1,0,1
34.62,3,2.481156,138.745,-26.18304,-0.552433,-2.408715,0.0, 1.0, -0.1, 0.0,0,27.23993,0,0,54.87633,1,0,1
35.12,3,2.468215,141.2133,-26.61237,-0.5526193,-4.839303,0.0, 1.0, -0.1, -0.2,0,29.70815,0,0,54.08587,1,0,1
35.62,3,2.335713,143.549,-27.1149,-0.5527401,-7.120316,0.0, 0.8, -0.1, -0.6,0,32.04386,0,0,53.33516,1,0,1
36.11412,3,2.390024,145.939,-28.6632,-0.5527717,-8.94103,-0.1, 0.4, 0.0, -0.9,0,34.43388,0,0,52.56815,1,0,1
36.61983,3,1.869058,147.8081,-29.61394,-0.9038082,-7.370601,-0.1, 0.0, 0.0, -1.0,0,36.30294,0,0,51.95743,1,0,1
37.12,3,2.770351,150.5784,-29.70267,-2.158524,-4.90227,-0.1, 0.0, 0.0, -1.0,0,39.07329,0,0,51.07633,1,0,1
37.62,3,2.604214,153.1826,-29.79737,-3.400455,-2.615226,-0.1, -0.1, 0.0, -1.0,0,41.67751,0,0,50.24506,1,0,1
38.10826,3,2.829829,156.0125,-29.81412,-4.614721,-0.05921225,-0.1, -0.6, 0.0, -0.8,0,44.50734,0,0,49.34612,1,0,1
38.62,3,2.822608,158.8351,-28.92499,-5.484086,2.47471,0.0, -0.8, 0.0, -0.6,0,47.32994,0,0,48.44933,1,0,1
39.10777,3,1.377547,160.2126,-27.71446,-5.475247,3.132114,0.0, -0.8, 0.0, -0.6,0,48.70749,0,0,47.98607,1,0,1
39.62,3,2.220644,162.4333,-26.31152,-5.477781,1.410769,0.0, -1.0, 0.0, 0.0,0,50.92814,0,0,47.26987,1,0,1
40.12,3,2.497992,164.9312,-26.55122,-5.477493,-1.075696,0.0, -1.0, 0.0, 0.0,0,53.42613,0,0,46.47048,1,0,1
40.60169,3,2.400391,167.3316,-26.7551,-5.477401,-3.467412,0.0, -1.0, 0.0, 0.0,0,55.82652,0,0,45.70036,1,0,1
41.10857,3,2.491708,169.8233,-27.01591,-5.477341,-5.945434,0.0, -1.0, 0.0, 0.1,0,58.31823,0,0,44.90285,1,0,1
41.62,3,2.744261,172.5676,-27.77367,-5.477345,-8.583001,0.0, -0.6, 0.0, 0.8,0,61.06249,0,0,44.02958,1,0,1
42.12,3,2.140579,174.7082,-29.58553,-5.776119,-7.483003,0.0, -0.1, 0.0, 1.0,0,63.20307,0,0,43.3374,1,0,1
42.60116,3,2.708452,177.4166,-29.6721,-7.070907,-5.105664,0.1, 0.1, 0.0, 1.0,0,65.91152,0,0,42.47487,1,0,1
43.10772,3,2.705489,180.1221,-29.40575,-8.305186,-2.712908,0.1, 0.1, 0.0, 1.0,0,68.61701,0,0,41.61322,1,0,1
43.62,3,2.958697,183.0808,-28.74117,-9.794606,-0.2443337,0.1, 0.1, 0.0, 1.0,0,71.57571,0,0,40.67562,1,0,1
44.10788,3,2.352317,185.4331,-28.11763,-10.43245,1.932303,0.1, 0.1, 0.0, 1.0,0,73.92802,0,0,39.91992,1,0,1
