Timestamp,Current Phase,Distance Change,Total Distance Traveled,Position X,Position Y,Position Z,Quaternion X,Quaternion Y,Quaternion Z,Quaternion W,Total Steps Idle,Phase Distance Traveled,Phase Steps Idle,Distance from Target,Air Level, Mobility,Key Frame,Targets
0.12,0,0,0,-13.04218,-10.24804,-6.365911,0.0, -0.4, 0.0, -0.9,0,0,0,0,99.95,1,1
0.62,0,0.2766658,0.2766658,-12.84969,-10.24806,-6.167188,-0.1, 0.0, 0.0, -1.0,0,0.2766658,0,0,99.81699,1,0
1.103432,0,0.3225046,0.5991704,-12.91003,-10.24807,-5.850378,-0.1, 0.5, 0.0, -0.9,0,0.5991704,0,0,99.67024,1,0
1.61016,0,0.6584514,1.257622,-13.49517,-10.24807,-6.152318,0.0, 0.7, 0.0, -0.7,0,1.257622,0,0,99.42271,1,0
2.116895,0,0.454007,1.711629,-13.8375,-10.24806,-6.450525,-0.1, 0.6, 0.0, -0.8,0,1.711629,0,0,99.2365,1,0
2.62,0,1.539492,3.251121,-15.2361,-10.24807,-7.09392,-0.1, 0.4, 0.0, -0.9,0,3.251121,0,0,98.72466,1,0
3.103746,0,1.531247,4.782368,-16.23893,-10.24807,-5.93674,-0.1, 0.4, 0.0, -0.9,0,4.782368,0,0,98.21528,1,0
3.610396,0,0.8126642,5.595032,-16.28528,-10.24807,-5.125399,-0.1, 0.4, 0.0, -0.9,0,5.595032,0,0,97.92148,1,0
4.117294,0,1.16351,6.758542,-16.32999,-10.24808,-3.962748,-0.1, 0.3, 0.0, -0.9,0,6.758542,0,0,97.52242,1,0
4.62,0,0.5818108,7.340353,-16.86613,-10.24808,-3.736776,-0.1, 0.0, 0.0, -1.0,0,7.340353,0,0,97.29787,1,0
5.103742,0,0.1823217,7.522675,-16.95325,-10.24808,-3.576618,0.0, -0.5, 0.0, -0.9,0,7.522675,0,0,97.19318,1,0
5.610391,0,1.400389,8.923063,-16.52332,-10.24806,-2.24386,0.0, -0.4, 0.0, -0.9,0,8.923063,0,0,96.72305,1,0
6.117373,0,2.071695,10.99476,-15.028,-10.24806,-3.677714,0.0, -0.7, 0.0, -0.7,0,10.99476,0,0,96.05154,1,0
6.62,0,1.376797,12.37156,-13.72502,-10.24807,-3.232946,0.0, -0.6, 0.0, -0.8,0,12.37156,0,0,95.5885,1,0
7.104465,0,1.310725,13.68228,-12.49072,-10.07538,-3.638751,0.0, -0.3, 0.0, -1.0,0,13.68228,0,0,95.14528,1,0
7.62,0,1.247227,14.92951,-12.06099,-10.10408,-2.468244,0.0, 0.7, 0.0, -0.8,0,14.92951,0,0,94.72111,1,0
8.103519,0,1.399825,16.32933,-12.42793,-10.24806,-3.811425,-0.1, 0.6, 0.0, -0.8,0,16.32933,0,0,94.25116,1,0
8.610204,0,2.300237,18.62957,-14.72349,-10.20111,-3.950295,-0.1, 0.4, 0.0, -0.9,0,18.62957,0,0,93.51109,1,0
9.117008,0,0.4056563,19.03523,-15.05801,-10.24806,-3.725681,-0.1, 0.2, 0.0, -1.0,0,19.03523,0,0,93.33939,1,0
9.62,0,2.388403,21.42363,-17.44629,-10.24805,-3.749406,0.0, -0.2, 0.0, -1.0,0,21.42363,0,0,92.57286,1,0
10.1035,0,2.03551,23.45914,-17.47022,-10.24805,-1.714037,0.0, -0.3, 0.0, -1.0,0,23.45914,0,0,91.91221,1,0
10.61052,0,1.702101,25.16124,-17.33132,-10.24804,-0.01761281,0.0, -0.6, 0.0, -0.8,0,25.16124,0,0,91.35158,1,0
11.11686,0,2.305315,27.46655,-15.16728,-10.24804,0.7769932,0.0, -0.7, 0.0, -0.7,0,27.46655,0,0,90.60998,1,0
11.62,0,2.744864,30.21142,-12.47174,-10.24804,0.2589884,0.0, -0.4, 0.0, -0.9,0,30.21142,0,0,89.73652,1,0
12.104,0,2.114899,32.32632,-12.29638,-9.247927,2.114203,0.0, 0.0, 0.0, -1.0,0,32.32632,0,0,89.05205,1,0
12.61001,0,2.079566,34.40588,-14.09304,-10.24805,2.424645,0.0, -0.1, 0.0, -1.0,0,34.40588,0,0,88.37817,1,0
13.11706,0,1.297836,35.70372,-13.39398,-10.24806,1.331167,-0.1, 0.4, 0.0, -0.9,0,35.70372,0,0,87.93882,1,0
13.62,0,2.140266,37.84399,-15.04807,-10.24806,-0.02703749,-0.1, 0.2, 0.0, -1.0,0,37.84399,0,0,87.24673,1,0
14.10414,0,2.265985,40.10997,-16.10357,-10.24806,1.97811,-0.1, 0.1, 0.0, -1.0,0,40.10997,0,0,86.51694,1,0
14.61045,0,1.70379,41.81376,-17.79662,-10.20766,1.791504,-0.1, 0.6, 0.0, -0.8,0,41.81376,0,0,85.9558,1,0
15.11764,0,2.209167,44.02293,-17.67797,-10.24806,-0.4141034,0.0, 1.0, -0.1, 0.0,0,44.02293,0,0,85.24304,1,0
15.62,0,0.4490378,44.47197,-17.28438,-10.24806,-0.6302574,0.0, 1.0, -0.1, 0.1,0,44.47197,0,0,85.05833,1,0
16.10369,0,0.9752532,45.44722,-16.4386,-10.24806,-1.115835,0.0, 0.9, 0.0, -0.3,0,45.44722,0,0,84.71574,1,0
16.61014,0,0.2169059,45.66413,-16.2217,-10.24805,-1.11681,0.0, 0.7, 0.0, -0.7,0,45.66413,0,0,84.60067,1,0
17.11691,0,0.1828866,45.84702,-16.05723,-10.24805,-1.196798,-0.1, 0.5, 0.0, -0.8,0,45.84702,0,0,84.4958,1,0
17.62,0,0.06074645,45.90776,-16.01852,-10.24805,-1.243612,-0.1, 0.4, 0.0, -0.9,0,45.90776,0,0,84.42757,1,0
18.10376,0,0.5692399,46.477,-16.58555,-10.24805,-1.293723,0.0, 1.0, 0.0, 0.0,0,46.477,0,0,84.2068,1,0
18.61033,0,0.1433276,46.62033,-16.61389,-10.24806,-1.434222,0.0, 1.0, -0.1, 0.2,0,46.62033,0,0,84.1138,1,0
19.12,0,0.005698778,46.62603,-16.61394,-10.24806,-1.428523,0.0, 1.0, -0.1, 0.2,0,46.62603,0,0,84.06209,1,0
19.61055,0,2.757422E-05,46.62605,-16.61391,-10.24805,-1.428512,0.0, 1.0, -0.1, 0.2,0,46.62605,0,0,84.01208,1,0
20.11712,0,9.04185E-06,46.62606,-16.61391,-10.24805,-1.428507,0.0, 1.0, -0.1, 0.2,0,46.62606,0,0,83.96207,1,0
20.62,0,1.238917E-05,46.62607,-16.61392,-10.24805,-1.428511,0.0, 1.0, -0.1, 0.2,0,46.62607,0,0,83.91207,1,0
21.10371,0,0.0001185178,46.62619,-16.61403,-10.24805,-1.428548,0.0, 1.0, -0.1, 0.2,0,46.62619,0,0,83.86203,1,0
21.6102,0,9.576187E-05,46.62629,-16.61412,-10.24805,-1.428576,0.0, 1.0, -0.1, 0.2,0,46.62629,0,0,83.812,1,0
22.11711,0,9.833487E-05,46.62638,-16.61422,-10.24805,-1.428607,0.0, 1.0, -0.1, 0.2,0,46.62638,0,0,83.76196,1,0
22.62,0,3.144618E-05,46.62642,-16.61425,-10.24805,-1.428614,0.0, 1.0, -0.1, 0.2,0,46.62642,0,0,83.71195,1,0
23.10342,0,7.937047E-06,46.62642,-16.61425,-10.24805,-1.428615,0.0, 1.0, -0.1, 0.2,0,46.62642,0,0,83.66195,1,0
23.61044,0,3.423943E-05,46.62646,-16.61428,-10.24806,-1.428631,0.0, 1.0, -0.1, 0.2,0,46.62646,0,0,83.61194,1,0
24.10364,0,1.177942E-05,46.62647,-16.61429,-10.24806,-1.428638,0.0, 1.0, -0.1, 0.2,0,46.62647,0,0,83.56194,1,0
24.62,0,1.957357E-05,46.62649,-16.6143,-10.24807,-1.42865,0.0, 1.0, -0.1, 0.2,0,46.62649,0,0,83.51192,1,0
