Timestamp,Current Phase,Distance Change,Total Distance Traveled,Position X,Position Y,Position Z,Quaternion X,Quaternion Y,Quaternion Z,Quaternion W,Total Steps Idle,Phase Distance Traveled,Phase Steps Idle,Distance from Target,Air Level, Mobility,Key Frame,Targets
0.12,0,0,0,-17.44918,-5.341226,-9.50502,0.0, -0.1, 0.0, -1.0,0,0,0,0,99.95,1,1
0.62,0,0.05701736,0.05701736,-17.50617,-5.341169,-9.503244,0.0, -0.1, 0.0, -1.0,0,0.05701736,0,0,99.88289,1,0
1.116998,0,1.001103,1.05812,-17.42129,-5.341174,-8.505747,0.0, -0.1, 0.0, -1.0,0,1.05812,0,0,99.53255,1,0
1.611874,0,2.499835,3.557955,-17.49321,-5.341178,-6.006946,0.0, 0.0, 0.0, -1.0,0,3.557955,0,0,98.7326,1,0
2.103417,0,2.044162,5.602117,-17.6102,-5.341175,-3.966135,0.0, 0.0, 0.0, -1.0,0,5.602117,0,0,98.06934,1,0
2.609813,0,0.5034063,6.105523,-17.97813,-5.34118,-3.622565,0.0, -0.8, 0.0, -0.6,0,6.105523,0,0,97.86832,1,0
3.116684,0,1.396381,7.501904,-16.60295,-5.341184,-3.864974,0.0, -0.8, 0.0, -0.6,0,7.501904,0,0,97.3994,1,0
3.62,0,2.600007,10.10191,-14.01046,-5.341188,-4.062538,0.0, -0.7, 0.0, -0.7,0,10.10191,0,0,96.5694,1,0
4.10321,0,1.99573,12.09764,-12.02709,-5.341187,-4.284306,0.0, -1.0, 0.0, -0.1,0,12.09764,0,0,95.92068,1,0
4.62,0,0.3901369,12.48778,-11.90975,-5.341195,-4.656378,0.0, -1.0, 0.0, 0.1,0,12.48778,0,0,95.75363,1,0
5.10306,0,2.399978,14.88776,-12.39622,-5.341193,-7.006537,0.0, -1.0, 0.0, 0.1,0,14.88776,0,0,94.98363,1,0
5.609441,0,2.284963,17.17272,-12.39963,-5.341187,-9.291497,0.0, -1.0, 0.0, 0.2,0,17.17272,0,0,94.24815,1,0
6.103666,0,0.3966523,17.56937,-12.54452,-5.341193,-9.660739,0.0, -0.6, 0.0, 0.8,0,17.56937,0,0,94.07915,1,0
6.62,0,2.528332,20.0977,-14.93571,-5.341184,-8.839356,0.0, -0.5, 0.0, 0.9,0,20.0977,0,0,93.27065,1,0
7.116912,0,1.940045,22.03775,-16.24595,-5.341182,-7.408603,0.0, 0.3, 0.0, 1.0,0,22.03775,0,0,92.63863,1,0
7.610326,0,2.065527,24.10327,-14.97399,-5.341177,-5.781174,0.0, 0.6, 0.0, 0.8,0,24.10327,0,0,91.96896,1,0
8.116726,0,2.36249,26.46576,-12.74141,-5.341186,-5.008552,0.0, -0.2, 0.0, 1.0,0,26.46576,0,0,91.21021,1,0
8.62,0,0.8263645,27.29213,-13.56591,-5.341189,-4.95306,0.0, -0.7, 0.0, 0.7,0,27.29213,0,0,90.9123,1,0
9.116894,0,2.390066,29.68219,-15.95509,-5.341184,-4.887917,0.0, -0.9, 0.0, 0.5,0,29.68219,0,0,90.14528,1,0
9.62,0,2.639887,32.32208,-18.00772,-5.341185,-6.547953,0.0, -1.0, 0.0, -0.1,0,32.32208,0,0,89.30331,1,0
10.10395,0,1.982636,34.30472,-17.34707,-5.34118,-8.41728,0.0, -0.9, 0.0, -0.5,0,34.30472,0,0,88.65852,1,0
10.6092,0,2.06095,36.36567,-15.2872,-5.341176,-8.484098,0.0, -0.6, 0.0, -0.8,0,36.36567,0,0,87.99023,1,0
11.10342,0,2.031964,38.39763,-14.20593,-5.341173,-6.763711,0.0, 0.1, 0.0, -1.0,0,38.39763,0,0,87.33064,1,0
11.61124,0,2.694835,41.09247,-14.83764,-5.341168,-4.143964,0.0, 0.7, 0.0, -0.7,0,41.09247,0,0,86.47218,1,0
12.10346,0,2.463134,43.5556,-17.23874,-5.341171,-4.693296,0.0, 0.7, 0.0, -0.7,0,43.5556,0,0,85.68324,1,0
12.62,0,1.938943,45.49454,-19.15799,-5.341169,-4.968911,0.0, 1.0, 0.0, -0.2,0,45.49454,0,0,85.05156,1,0
13.10304,0,2.35512,47.84967,-18.97908,-5.341171,-7.317225,0.0, 1.0, 0.0, -0.2,0,47.84967,0,0,84.29502,1,0
13.61029,0,1.321998,49.17167,-20.21945,-5.341173,-7.774561,0.0, -0.2, 0.0, -1.0,0,49.17167,0,0,83.84842,1,0
14.11781,0,2.496979,51.66864,-19.35664,-5.341171,-5.431386,0.0, -0.4, 0.0, -0.9,0,51.66864,0,0,83.04932,1,0
14.62,0,2.20354,53.87218,-17.22607,-5.341162,-4.86903,0.0, -0.9, 0.0, -0.3,0,53.87218,0,0,82.33826,1,0
15.11675,0,2.243517,56.1157,-16.03579,-5.341157,-6.770769,0.0, -0.9, 0.0, -0.4,0,56.1157,0,0,81.6152,1,0
15.62,0,2.636016,58.75172,-13.40459,-5.341161,-6.611521,0.0, -1.0, 0.0, -0.2,0,58.75172,0,0,80.77439,1,0
16.10275,0,0.6618056,59.41352,-12.78446,-5.34116,-6.380373,0.0, -1.0, 0.0, 0.2,0,59.41352,0,0,80.52585,1,0
16.62,0,0.3616075,59.77513,-12.5191,-5.341165,-6.626016,0.0, -0.7, 0.0, 0.7,0,59.77513,0,0,80.36736,1,0
17.12,0,0.01538515,59.79051,-12.52297,-5.341159,-6.611126,0.0, -0.7, 0.0, 0.7,0,59.79051,0,0,80.31274,1,0
17.62,0,0.5323461,60.32286,-13.0269,-5.341153,-6.439519,0.0, -1.0, 0.0, -0.2,0,60.32286,0,0,80.10303,1,0
18.10335,0,0.3748981,60.69775,-13.14486,-5.341152,-6.795375,0.0, -0.7, 0.0, -0.7,0,60.69775,0,0,79.94056,1,0
18.60972,0,0.008565384,60.70632,-13.14227,-5.341152,-6.803538,0.0, -0.7, 0.0, -0.7,0,60.70632,0,0,79.88799,1,0
19.11771,0,0.01122535,60.71754,-13.14566,-5.341152,-6.792838,0.0, -0.7, 0.0, -0.7,0,60.71754,0,0,79.83462,1,0
19.61015,0,9.353061E-05,60.71764,-13.14565,-5.341156,-6.792931,0.0, -0.7, 0.0, -0.7,0,60.71764,0,0,79.78458,1,0
20.1036,0,7.183643E-05,60.71771,-13.14565,-5.341156,-6.793003,0.0, -0.7, 0.0, -0.7,0,60.71771,0,0,79.73456,1,0
